theta1 = 8499.599649933216
theta2 = -0.021448963591702303
